tensor([[-0.7982, -0.7987,  0.7529,  0.6926,  2.0287, -0.6400],
        [ 0.2720,  0.7490,  2.8774,  3.7591,  4.6141,  1.4109]],
       device='cuda:0')	tensor([0, 0], device='cuda:0')tensor([[-0.4011, -0.7037,  0.5877,  1.0256,  1.5784, -0.2155],
        [ 0.3994,  1.1494,  3.3163,  4.4207,  5.2931,  1.8749]],
       device='cuda:0')	tensor([0, 0], device='cuda:0')tensor([[ 0.7759,  2.2694,  5.4312,  7.0014,  8.3115,  3.5666],
        [-0.2509, -0.6044,  0.5285,  0.9216,  1.4363, -0.2480]],
       device='cuda:0')	tensor([0, 1], device='cuda:0')tensor([[ 0.0052, -0.1068,  1.5834,  2.3705,  2.6268,  0.4650],
        [-0.1540, -0.6751,  0.4829,  1.0006,  1.0591, -0.3894]],
       device='cuda:0')	tensor([1, 1], device='cuda:0')tensor([[-0.2354, -0.6175,  0.4853,  0.9490,  1.2025, -0.3177],
        [-0.1014, -0.6273,  0.4517,  0.9994,  1.1010, -0.4065]],
       device='cuda:0')	tensor([2, 2], device='cuda:0')tensor([[-0.0852, -0.6081,  0.4428,  0.9629,  1.1186, -0.3938],
        [-0.0779, -0.6051,  0.4640,  0.9624,  1.1126, -0.3903]],
       device='cuda:0')	tensor([2, 2], device='cuda:0')tensor([[-0.0572, -0.6926,  0.4307,  1.0662,  1.1621, -0.3843],
        [ 0.1699, -0.0310,  1.4760,  2.3701,  2.6599,  0.5000]],
       device='cuda:0')	tensor([2, 2], device='cuda:0')tensor([[-0.0047, -0.6353,  0.5623,  1.3423,  1.4623, -0.2003],
        [-0.0597, -0.5905,  0.4399,  0.9679,  1.1218, -0.3802]],
       device='cuda:0')	tensor([2, 3], device='cuda:0')tensor([[-0.0604, -0.5914,  0.4462,  0.9682,  1.1292, -0.3817],
        [-0.0542, -0.5908,  0.4497,  0.9724,  1.1330, -0.3808]],
       device='cuda:0')	tensor([3, 3], device='cuda:0')tensor([[-0.0539, -0.5909,  0.4466,  0.9723,  1.1369, -0.3817],
        [-0.0492, -0.5908,  0.4454,  0.9737,  1.1331, -0.3788]],
       device='cuda:0')	tensor([3, 3], device='cuda:0')tensor([[ 0.0400, -0.6349,  0.5542,  1.3528,  1.4439, -0.1974],
        [-0.0181, -0.5931,  0.4514,  0.9911,  1.1140, -0.3681]],
       device='cuda:0')	tensor([3, 3], device='cuda:0')tensor([[-0.0399, -0.6056,  0.4540,  0.9867,  1.0932, -0.3748],
        [-0.0372, -0.6122,  0.4613,  0.9937,  1.0703, -0.3826]],
       device='cuda:0')	tensor([3, 3], device='cuda:0')tensor([[-0.1005, -0.5635,  0.4477,  0.9576,  1.2223, -0.2810],
        [ 0.0431, -0.5376,  0.4622,  0.9962,  1.3332, -0.2823]],
       device='cuda:0')	tensor([3, 3], device='cuda:0')tensor([[ 0.5332,  1.1484,  3.2165,  4.2948,  5.1849,  1.8476],
        [ 0.0477, -1.0633,  0.2674,  1.4983,  1.7569, -0.3203]],
       device='cuda:0')	tensor([4, 4], device='cuda:0')tensor([[ 0.6719,  1.9335,  4.4685,  5.7144,  6.8954,  2.8418],
        [-0.4411, -0.6603,  0.5574,  1.0850,  1.7686, -0.1639]],
       device='cuda:0')	tensor([4, 4], device='cuda:0')tensor([[-0.5094, -0.8537,  0.4274,  1.4158,  1.9767, -0.1190],
        [ 0.7249,  2.9188,  6.4085,  8.0192,  9.8569,  4.2587]],
       device='cuda:0')	tensor([4, 4], device='cuda:0')tensor([[ 0.6615,  1.6650,  4.7193,  6.8484,  8.2891,  3.1675],
        [-0.2290, -1.0581,  0.3239,  1.5169,  2.3078, -0.2504]],
       device='cuda:0')	tensor([4, 5], device='cuda:0')tensor([[ 0.5054,  2.3892,  5.2300,  6.9259,  8.5026,  3.3744],
        [-0.6473, -0.7344,  0.3485,  1.3994,  2.5259,  0.1254]],
       device='cuda:0')	tensor([5, 5], device='cuda:0')tensor([[-0.0803,  1.9819,  5.2708,  7.4888,  9.8711,  3.8246],
        [ 0.2170,  4.0454,  8.9970, 11.8823, 15.4461,  6.2223]],
       device='cuda:0')	tensor([5, 0], device='cuda:0')tensor([[-0.6566, -1.0790,  1.8706,  5.5458,  8.0581,  1.3639],
        [-0.8420, -2.1830,  0.6420,  4.6512,  6.9294,  0.7209]],
       device='cuda:0')	tensor([0, 0], device='cuda:0')tensor([[-0.6982, -1.2123,  2.7471,  7.3784, 10.1355,  2.4590],
        [-0.3926,  1.4628,  6.5923, 10.9847, 14.2879,  4.5947]],
       device='cuda:0')	tensor([0, 0], device='cuda:0')tensor([[-0.4227,  0.4816,  5.4987, 10.0570, 13.3940,  3.6999],
        [-0.6883,  1.1720,  5.7791,  8.8577, 12.4755,  3.5064]],
       device='cuda:0')	tensor([0, 0], device='cuda:0')tensor([[-0.1003,  2.4672,  8.0816, 11.7132, 15.3512,  5.2878],
        [-1.3157, -2.7909,  0.3163,  4.4577,  6.6712,  0.3068]],
       device='cuda:0')	tensor([1, 1], device='cuda:0')tensor([[-0.8957,  1.5722,  4.9581,  6.3650,  9.1525,  2.8845],
        [-1.2138, -0.9277,  0.6508,  1.4527,  3.1820, -0.1550]],
       device='cuda:0')	tensor([1, 2], device='cuda:0')tensor([[-0.8938, -0.5871,  1.0000,  2.0241,  3.8308,  0.1454],
        [-1.1591, -0.6720,  0.6228,  0.9022,  2.6862, -0.4844]],
       device='cuda:0')	tensor([2, 2], device='cuda:0')tensor([[-1.0462, -0.6937,  0.6422,  1.0823,  2.8143, -0.2962],
        [-0.6271, -0.4090,  0.6418,  0.8158,  2.1766, -0.4902]],
       device='cuda:0')	tensor([2, 2], device='cuda:0')tensor([[-0.6085, -0.3805,  0.5608,  0.5099,  1.7698, -0.6917],
        [-0.4901, -0.4805,  0.5463,  0.6071,  1.5413, -0.5643]],
       device='cuda:0')	tensor([2, 2], device='cuda:0')tensor([[-0.4642, -0.5395,  0.5713,  0.6475,  1.4380, -0.5304],
        [-0.3263, -0.5868,  0.5304,  0.7933,  1.3113, -0.4340]],
       device='cuda:0')	tensor([3, 3], device='cuda:0')tensor([[-0.2583, -0.6042,  0.5154,  0.8436,  1.2541, -0.4015],
        [-0.2198, -0.6105,  0.5091,  0.8700,  1.2412, -0.3878]],
       device='cuda:0')	tensor([3, 3], device='cuda:0')tensor([[-0.2149, -0.6081,  0.5061,  0.8700,  1.2374, -0.3843],
        [-0.2344, -0.6027,  0.5041,  0.8453,  1.2359, -0.3825]],
       device='cuda:0')	tensor([3, 3], device='cuda:0')tensor([[-0.2568, -0.5955,  0.5118,  0.8204,  1.2566, -0.3981],
        [-0.2762, -0.5961,  0.5274,  0.7912,  1.2656, -0.4074]],
       device='cuda:0')	tensor([3, 3], device='cuda:0')tensor([[-0.3054, -0.5845,  0.5337,  0.7589,  1.2724, -0.4289],
        [-0.2954, -0.5887,  0.5287,  0.7704,  1.2401, -0.4227]],
       device='cuda:0')	tensor([3, 3], device='cuda:0')tensor([[-0.3161, -0.5902,  0.5276,  0.7663,  1.2312, -0.4179],
        [-0.4314, -0.5280,  0.5229,  0.7017,  1.3577, -0.4167]],
       device='cuda:0')	tensor([3, 3], device='cuda:0')tensor([[-0.8987, -0.5769,  0.6394,  0.7118,  2.0303, -0.3108],
        [-0.6756,  0.3810,  1.7193,  2.1993,  3.9543,  0.3691]],
       device='cuda:0')	tensor([3, 3], device='cuda:0')tensor([[-0.6869, -0.2373,  0.5091,  0.4046,  1.9515, -0.7205],
        [-0.4185, -0.1121,  0.4728,  0.5237,  2.2025, -0.6741]],
       device='cuda:0')	tensor([3, 4], device='cuda:0')tensor([[-0.4230, -0.2343,  0.5225,  0.5746,  2.0009, -0.5063],
        [-0.5436, -0.4028,  0.5256,  0.7632,  1.9987, -0.3177]],
       device='cuda:0')	tensor([4, 4], device='cuda:0')tensor([[-0.4527, -0.4271,  0.4991,  0.8523,  1.8713, -0.2398],
        [-0.3869, -0.6286,  0.4333,  1.1773,  1.9456, -0.1980]],
       device='cuda:0')	tensor([4, 4], device='cuda:0')tensor([[-0.4060, -0.6457,  0.5074,  1.0397,  1.7292, -0.1995],
        [-0.4632, -0.5872,  0.5282,  0.9338,  1.7298, -0.1822]],
       device='cuda:0')	tensor([4, 4], device='cuda:0')tensor([[-0.5127, -0.6668,  0.5191,  1.0907,  1.8566, -0.1301],
        [-0.4443, -0.6177,  0.5176,  1.0360,  1.7563, -0.1262]],
       device='cuda:0')	tensor([4, 4], device='cuda:0')tensor([[-0.4403, -0.5892,  0.5236,  0.9735,  1.7650, -0.1576],
        [-0.4498, -0.6966,  0.4669,  1.1571,  2.0046, -0.1263]],
       device='cuda:0')	tensor([4, 4], device='cuda:0')tensor([[-0.4162, -0.5966,  0.5267,  1.3047,  2.1364, -0.0461],
        [-0.2789, -0.1919,  1.1459,  2.1906,  2.9230,  0.4804]],
       device='cuda:0')	tensor([4, 4], device='cuda:0')tensor([[-0.2359, -0.1625,  1.2170,  2.2871,  3.0160,  0.5214],
        [-0.4004, -0.5944,  0.4892,  1.0439,  1.7514, -0.1074]],
       device='cuda:0')	tensor([4, 4], device='cuda:0')tensor([[-0.4811, -0.5558,  0.5468,  0.8950,  1.7503, -0.1596],
        [-0.3793, -0.6221,  0.5217,  0.9552,  1.7000, -0.2230]],
       device='cuda:0')	tensor([4, 4], device='cuda:0')tensor([[-0.4872, -0.4367,  0.5035,  0.7849,  1.8498, -0.2298],
        [-1.2261, -0.6321,  0.6918,  0.6773,  2.4050, -0.3939]],
       device='cuda:0')	tensor([4, 4], device='cuda:0')tensor([[-1.4935, -0.8775,  0.6944,  1.1059,  3.2173, -0.1349],
        [-2.1515, -1.0895,  1.5910,  1.5484,  4.7275,  0.5035]],
       device='cuda:0')	tensor([4, 4], device='cuda:0')tensor([[ 0.4554, -5.1008,  0.3405,  6.0872,  8.4276, -0.5564],
        [ 0.8647,  3.5197,  7.5566,  8.8104, 10.8867,  4.6389]],
       device='cuda:0')	tensor([4, 4], device='cuda:0')tensor([[-0.2812, -0.7503,  0.7419,  0.9989,  1.3927, -0.6499],
        [-0.2064, -0.7635,  0.7243,  1.0530,  1.2714, -0.6221]],
       device='cuda:0')	tensor([4, 4], device='cuda:0')tensor([[ 0.2710, -0.0771,  2.5027,  3.9354,  4.9458,  0.7798],
        [ 0.2160, -1.2388,  1.7882,  3.5437,  4.5092,  0.0748]],
       device='cuda:0')	tensor([4, 4], device='cuda:0')tensor([[-0.3392, -1.1388,  0.8047,  1.1571,  1.7343, -0.7499],
        [-0.2619, -0.7002,  0.7160,  0.9204,  1.3879, -0.6322]],
       device='cuda:0')	tensor([0, 0], device='cuda:0')tensor([[-0.2320, -0.7020,  0.7134,  0.8848,  1.3900, -0.6256],
        [-0.2024, -0.7389,  0.7027,  1.0339,  1.2761, -0.5924]],
       device='cuda:0')	tensor([0, 0], device='cuda:0')tensor([[-0.2061, -0.7343,  0.7030,  1.0218,  1.2790, -0.5872],
        [-0.2165, -0.7293,  0.7113,  0.9885,  1.3169, -0.5959]],
       device='cuda:0')	tensor([0, 0], device='cuda:0')tensor([[-0.2608, -0.7524,  0.7543,  0.9324,  1.3872, -0.6184],
        [-0.2624, -0.8606,  0.6967,  0.9825,  1.5387, -0.6394]],
       device='cuda:0')	tensor([0, 0], device='cuda:0')tensor([[ 0.1862, -1.1658,  1.6621,  3.2807,  4.3126, -0.0251],
        [ 0.2014, -1.3095,  1.5675,  3.5033,  4.6360,  0.0311]],
       device='cuda:0')	tensor([0, 0], device='cuda:0')tensor([[-0.2080, -0.7555,  0.7080,  1.0445,  1.2927, -0.6036],
        [-0.1787, -0.7533,  0.7187,  1.0889,  1.3120, -0.5986]],
       device='cuda:0')	tensor([0, 1], device='cuda:0')tensor([[-0.1796, -0.7440,  0.7192,  1.0862,  1.3291, -0.5987],
        [-0.1690, -0.7501,  0.7125,  1.0893,  1.3088, -0.5925]],
       device='cuda:0')	tensor([1, 1], device='cuda:0')tensor([[-0.1627, -0.7313,  0.6779,  1.0616,  1.2617, -0.5689],
        [-0.8108, -0.6522,  0.9333,  0.6890,  2.1441, -0.4049]],
       device='cuda:0')	tensor([1, 2], device='cuda:0')tensor([[-0.2195, -0.7316,  0.6939,  1.0484,  1.3322, -0.6302],
        [-0.1468, -0.5938,  1.4973,  2.0828,  3.0113, -0.0851]],
       device='cuda:0')	tensor([2, 2], device='cuda:0')tensor([[-0.0554, -0.4139,  1.9551,  2.8792,  3.7580,  0.3890],
        [ 0.0633,  0.6275,  2.9156,  3.5513,  4.6041,  1.1581]],
       device='cuda:0')	tensor([2, 2], device='cuda:0')tensor([[-0.9025, -0.4277,  1.5991,  1.6728,  3.4267,  0.1720],
        [-1.0630, -0.6488,  1.3602,  1.3579,  3.2198, -0.0339]],
       device='cuda:0')	tensor([2, 2], device='cuda:0')tensor([[-1.0301, -0.7033,  1.0132,  0.6875,  2.4393, -0.4069],
        [-0.9017, -0.7298,  1.0476,  1.0329,  2.5932, -0.1906]],
       device='cuda:0')	tensor([2, 2], device='cuda:0')tensor([[-0.7465, -0.6815,  0.8490,  0.7384,  1.9165, -0.4770],
        [-0.5907, -0.8272,  0.7469,  0.9799,  1.8232, -0.5163]],
       device='cuda:0')	tensor([2, 2], device='cuda:0')tensor([[-0.4464, -1.3704,  0.5219,  1.5951,  2.5046, -0.4520],
        [ 0.7001,  3.1517,  6.9433,  8.0618, 10.0432,  4.2116]],
       device='cuda:0')	tensor([2, 2], device='cuda:0')tensor([[-0.0186,  0.0607,  2.2177,  3.1978,  4.0153,  0.7128],
        [-0.3962, -0.8617,  0.6730,  1.0470,  1.6276, -0.6460]],
       device='cuda:0')	tensor([2, 2], device='cuda:0')tensor([[-0.2404, -0.7594,  0.8103,  1.2621,  1.7648, -0.4475],
        [-0.2820, -0.8404,  0.6634,  1.0344,  1.5011, -0.6192]],
       device='cuda:0')	tensor([2, 2], device='cuda:0')tensor([[-0.3788, -0.7745,  0.7458,  0.8979,  1.3517, -0.6818],
        [-0.1230, -0.2094,  1.7441,  2.2510,  2.8160,  0.2071]],
       device='cuda:0')	tensor([2, 2], device='cuda:0')tensor([[-0.2367, -0.7542,  0.7263,  1.0122,  1.2800, -0.6142],
        [-0.4705, -0.8762,  0.7821,  0.9661,  1.0992, -0.7210]],
       device='cuda:0')	tensor([2, 2], device='cuda:0')tensor([[-0.6441, -0.8788,  0.7791,  0.8847,  1.0872, -0.7149],
        [-0.3913, -0.2834,  1.7234,  2.2549,  2.7316,  0.2231]],
       device='cuda:0')	tensor([2, 2], device='cuda:0')tensor([[-0.5816, -0.6521,  1.1627,  1.7833,  2.0921, -0.1269],
        [-0.3767, -0.4692,  1.7031,  2.4421,  3.0708,  0.2300]],
       device='cuda:0')	tensor([2, 2], device='cuda:0')tensor([[-0.5611, -1.0901,  0.6028,  1.3058,  1.7745, -0.5556],
        [-0.4237, -1.1641,  0.5838,  1.5147,  2.2041, -0.4530]],
       device='cuda:0')	tensor([2, 2], device='cuda:0')tensor([[-0.4298, -0.6822,  1.3381,  2.1805,  3.0281,  0.1016],
        [-0.0767,  0.8708,  3.7195,  4.6312,  6.0256,  1.7536]],
       device='cuda:0')	tensor([2, 2], device='cuda:0')tensor([[-0.0444,  1.0117,  3.9861,  4.9250,  6.4131,  1.9127],
        [-0.4878, -1.2442,  0.7460,  1.6966,  2.3491, -0.4144]],
       device='cuda:0')	tensor([2, 2], device='cuda:0')tensor([[ 0.4834,  2.3551,  6.2078,  7.9488,  9.8817,  3.8405],
        [-0.4277, -0.5246,  1.4485,  2.4488,  3.1105,  0.1565]],
       device='cuda:0')	tensor([2, 2], device='cuda:0')tensor([[ 0.0270,  1.2499,  4.2455,  5.3326,  6.9006,  2.2129],
        [-0.1063,  0.3926,  2.9602,  3.9083,  5.2240,  1.2296]],
       device='cuda:0')	tensor([2, 2], device='cuda:0')tensor([[-0.3715, -0.7648,  1.2775,  2.1547,  2.9838,  0.0320],
        [-0.5004, -1.1285,  0.5654,  1.3986,  2.0084, -0.4967]],
       device='cuda:0')	tensor([2, 3], device='cuda:0')tensor([[-0.0889,  0.6873,  3.6079,  5.0677,  6.2521,  1.8206],
        [ 0.4427,  2.4969,  6.5433,  8.2783, 10.2469,  4.0429]],
       device='cuda:0')	tensor([3, 3], device='cuda:0')tensor([[ 0.1438,  1.2016,  4.4268,  5.9092,  7.3948,  2.5194],
        [-0.4588, -1.3560,  0.7390,  2.2659,  2.8884, -0.1101]],
       device='cuda:0')	tensor([3, 3], device='cuda:0')tensor([[-0.6329, -1.2872,  0.6004,  1.5373,  2.1398, -0.5355],
        [-0.6852, -1.1153,  0.6778,  1.3724,  2.0544, -0.5383]],
       device='cuda:0')	tensor([3, 3], device='cuda:0')tensor([[-0.7515, -1.0448,  0.7492,  1.3495,  2.2534, -0.4967],
        [-0.7082, -0.8102,  1.1085,  1.8406,  2.7304, -0.1788]],
       device='cuda:0')	tensor([3, 3], device='cuda:0')tensor([[-0.7712, -1.0535,  0.7929,  1.4513,  2.4227, -0.4401],
        [-0.7286, -0.8455,  1.0673,  1.8014,  2.7349, -0.2074]],
       device='cuda:0')	tensor([3, 3], device='cuda:0')tensor([[-0.7586, -0.9820,  0.8730,  1.5136,  2.4998, -0.3788],
        [-0.8069, -1.1139,  0.7898,  1.4394,  2.4272, -0.4833]],
       device='cuda:0')	tensor([3, 3], device='cuda:0')tensor([[-0.8247, -1.1438,  0.7985,  1.4442,  2.4152, -0.5005],
        [-0.8291, -1.1486,  0.8099,  1.4359,  2.3891, -0.5080]],
       device='cuda:0')	tensor([3, 3], device='cuda:0')tensor([[-0.8161, -1.2020,  0.8023,  1.4831,  2.4155, -0.5023],
        [-0.6953, -1.4180,  0.6064,  1.6133,  2.5196, -0.4716]],
       device='cuda:0')	tensor([3, 3], device='cuda:0')tensor([[-0.6809, -1.4399,  0.5788,  1.6418,  2.5482, -0.4370],
        [-0.6952, -1.4003,  0.6304,  1.5973,  2.4976, -0.4768]],
       device='cuda:0')	tensor([3, 3], device='cuda:0')tensor([[-0.7297, -1.3099,  0.7266,  1.5535,  2.4569, -0.4979],
        [-0.7454, -1.3252,  0.7296,  1.6016,  2.5202, -0.5025]],
       device='cuda:0')	tensor([3, 3], device='cuda:0')tensor([[-0.7694, -1.2888,  0.7540,  1.5680,  2.4898, -0.5049],
        [-0.7710, -1.2995,  0.7512,  1.5828,  2.5064, -0.5092]],
       device='cuda:0')	tensor([3, 3], device='cuda:0')tensor([[-0.8157, -1.2007,  0.8258,  1.4724,  2.4173, -0.5193],
        [-0.7987, -1.2635,  0.7975,  1.5359,  2.4744, -0.5245]],
       device='cuda:0')	tensor([3, 3], device='cuda:0')tensor([[-0.7726, -1.3599,  0.7244,  1.6139,  2.5147, -0.5096],
        [-0.7230, -1.4382,  0.6525,  1.6634,  2.5751, -0.4572]],
       device='cuda:0')	tensor([3, 3], device='cuda:0')tensor([[-0.6739, -1.3537,  0.7470,  1.8177,  2.7441, -0.3278],
        [-0.6926, -1.4016,  0.6935,  1.7590,  2.6821, -0.3759]],
       device='cuda:0')	tensor([3, 3], device='cuda:0')tensor([[-0.6141, -1.2367,  0.8803,  2.0757,  3.0804, -0.1275],
        [-0.5695, -1.1864,  0.9507,  2.1526,  3.1437, -0.0455]],
       device='cuda:0')	tensor([3, 3], device='cuda:0')tensor([[-0.5022, -1.0505,  1.1551,  2.3559,  3.3438,  0.0996],
        [-0.4785, -0.9412,  1.3065,  2.5088,  3.5217,  0.2070]],
       device='cuda:0')	tensor([3, 3], device='cuda:0')tensor([[-0.3072, -0.3448,  2.2060,  3.5217,  4.7087,  0.8775],
        [-0.1135,  0.2069,  3.0864,  4.7570,  6.1791,  1.6989]],
       device='cuda:0')	tensor([3, 3], device='cuda:0')tensor([[-0.1144,  0.2661,  3.2973,  5.0641,  6.5457,  1.8344],
        [-0.1141,  0.3143,  3.3641,  5.1143,  6.6366,  1.8602]],
       device='cuda:0')	tensor([3, 3], device='cuda:0')tensor([[-0.2049,  0.3350,  3.3608,  4.8806,  6.3678,  1.7268],
        [-0.2311,  0.2051,  3.1537,  4.6118,  6.0443,  1.5655]],
       device='cuda:0')	tensor([3, 3], device='cuda:0')tensor([[-0.2076,  0.2830,  3.2379,  4.6799,  6.1398,  1.6311],
        [-0.0781,  0.8651,  4.0624,  5.5858,  7.1991,  2.2442]],
       device='cuda:0')	tensor([3, 3], device='cuda:0')tensor([[ 2.8690e-01,  2.1390e+00,  6.0213e+00,  7.7381e+00,  9.6946e+00,
          3.6786e+00],
        [-2.2606e-03,  1.0205e+00,  4.2193e+00,  5.7934e+00,  7.2662e+00,
          2.2887e+00]], device='cuda:0')	tensor([3, 3], device='cuda:0')tensor([[0.1758, 1.6460, 5.1936, 6.8518, 8.5663, 3.0419],
        [0.0215, 1.0576, 4.2491, 5.8208, 7.2869, 2.3148]], device='cuda:0')	tensor([3, 3], device='cuda:0')tensor([[-0.2162,  0.2774,  3.0505,  4.4597,  5.6322,  1.3876],
        [-0.3001,  0.0684,  2.7349,  3.9293,  5.0917,  1.0455]],
       device='cuda:0')	tensor([3, 3], device='cuda:0')tensor([[-0.5582, -1.4424,  0.7243,  2.0812,  2.8139, -0.2934],
        [-0.1572, -0.0459,  2.5934,  4.1814,  5.3539,  1.2890]],
       device='cuda:0')	tensor([3, 3], device='cuda:0')tensor([[ 0.1918,  1.3720,  4.7113,  6.2680,  7.9098,  2.8091],
        [ 0.4845,  2.7971,  6.9064,  8.6237, 10.8576,  4.4289]],
       device='cuda:0')	tensor([3, 3], device='cuda:0')tensor([[ 0.5440,  2.8850,  6.9979,  8.7393, 10.9429,  4.4883],
        [ 0.5219,  2.7020,  6.7237,  8.3840, 10.5029,  4.2232]],
       device='cuda:0')	tensor([3, 3], device='cuda:0')tensor([[ 0.2564,  1.2338,  4.3470,  5.8341,  7.4031,  2.5158],
        [-0.1592, -0.4389,  1.9179,  3.4297,  4.4123,  0.7425]],
       device='cuda:0')	tensor([3, 3], device='cuda:0')tensor([[-0.4826, -1.4405,  0.5379,  1.8140,  2.4859, -0.4705],
        [-0.5304, -1.3607,  0.5605,  1.6529,  2.2410, -0.5427]],
       device='cuda:0')	tensor([3, 3], device='cuda:0')tensor([[-0.4772, -1.0345,  0.6536,  1.3695,  2.0489, -0.5554],
        [-0.3307, -0.7078,  1.1806,  2.2183,  2.9328,  0.0179]],
       device='cuda:0')	tensor([3, 3], device='cuda:0')tensor([[ 0.0419,  0.6943,  3.6175,  5.4243,  6.7289,  2.0659],
        [-0.1317,  0.5503,  3.2743,  4.7370,  6.0275,  1.7024]],
       device='cuda:0')	tensor([3, 3], device='cuda:0')tensor([[ 0.0633,  0.8765,  3.7367,  5.2843,  6.6199,  2.0144],
        [-0.0558,  0.3081,  2.9147,  4.5830,  5.6141,  1.4874]],
       device='cuda:0')	tensor([3, 3], device='cuda:0')tensor([[-0.3739, -0.6918,  1.2094,  2.3501,  3.0662,  0.0496],
        [-0.4786, -0.9380,  0.6580,  1.4246,  2.1016, -0.4612]],
       device='cuda:0')	tensor([3, 3], device='cuda:0')tensor([[-0.4899, -0.8912,  0.6616,  1.2276,  1.8661, -0.5475],
        [-0.4428, -0.8208,  0.6612,  1.2033,  1.8308, -0.5221]],
       device='cuda:0')	tensor([3, 3], device='cuda:0')tensor([[-0.3469, -0.8832,  0.5403,  1.2491,  1.7968, -0.4818],
        [-0.2742, -1.0195,  0.4597,  1.3548,  1.8323, -0.4511]],
       device='cuda:0')	tensor([3, 3], device='cuda:0')tensor([[-0.2670, -0.9177,  0.5461,  1.2142,  1.6295, -0.5167],
        [ 0.2202,  1.1710,  3.7670,  4.7407,  5.8574,  1.9625]],
       device='cuda:0')	tensor([4, 4], device='cuda:0')tensor([[-0.3886, -0.7108,  0.7141,  1.0214,  1.5833, -0.4875],
        [-0.0293, -0.1248,  1.5953,  2.2392,  2.7745,  0.3004]],
       device='cuda:0')	tensor([4, 4], device='cuda:0')tensor([[-0.0981, -0.6695,  0.7417,  1.4323,  1.9259, -0.3435],
        [-0.0478, -0.6864,  0.7721,  1.1178,  1.7407, -0.5670]],
       device='cuda:0')	tensor([4, 4], device='cuda:0')tensor([[-0.1952, -0.7642,  0.7822,  1.0658,  1.6566, -0.6008],
        [-0.2903, -0.6809,  0.7663,  0.9354,  1.7034, -0.4953]],
       device='cuda:0')	tensor([4, 4], device='cuda:0')tensor([[-0.3346, -0.6962,  0.7855,  1.0597,  1.9409, -0.4893],
        [-0.2616, -0.6591,  0.7444,  0.9853,  1.7554, -0.5511]],
       device='cuda:0')	tensor([4, 4], device='cuda:0')tensor([[-0.1108, -0.5404,  1.0643,  1.5623,  2.3187, -0.1891],
        [-0.2486, -0.6624,  0.6724,  0.9718,  1.6664, -0.5254]],
       device='cuda:0')	tensor([4, 4], device='cuda:0')tensor([[ 1.0950,  3.7633,  7.8261,  9.3714, 11.5030,  5.0781],
        [-0.2132, -1.0191,  0.7373,  1.5169,  2.2231, -0.4384]],
       device='cuda:0')	tensor([4, 4], device='cuda:0')tensor([[-0.5029, -0.6566,  0.7932,  0.8117,  1.7624, -0.4181],
        [ 0.2080,  0.9450,  3.7026,  4.5951,  5.8938,  1.6964]],
       device='cuda:0')	tensor([4, 4], device='cuda:0')tensor([[-0.1709, -1.2509,  0.5213,  1.6778,  2.1179, -0.4019],
        [-0.0531, -0.5065,  1.4016,  2.2452,  2.7850,  0.0932]],
       device='cuda:0')	tensor([4, 4], device='cuda:0')tensor([[-0.3666, -0.7873,  0.7152,  1.0990,  1.7741, -0.4081],
        [-0.2962, -0.6856,  0.6684,  0.9437,  1.4365, -0.5319]],
       device='cuda:0')	tensor([4, 4], device='cuda:0')tensor([[-0.3408, -0.7042,  0.6621,  0.9279,  1.3918, -0.5803],
        [-0.3834, -0.6929,  0.6638,  0.8912,  1.3925, -0.6060]],
       device='cuda:0')	tensor([4, 4], device='cuda:0')tensor([[-0.3821, -0.7109,  0.6757,  0.8903,  1.3619, -0.5915],
        [-0.3555, -0.7215,  0.6853,  0.9055,  1.3257, -0.5769]],
       device='cuda:0')	tensor([4, 4], device='cuda:0')tensor([[-0.3558, -0.7305,  0.6854,  0.9210,  1.3156, -0.5765],
        [-0.3244, -0.7138,  0.6794,  0.9144,  1.3348, -0.5696]],
       device='cuda:0')	tensor([4, 4], device='cuda:0')tensor([[-0.3215, -0.7205,  0.6753,  0.9245,  1.3394, -0.5610],
        [-0.3540, -0.7225,  0.6711,  0.9051,  1.3505, -0.5645]],
       device='cuda:0')	tensor([4, 4], device='cuda:0')tensor([[-0.3834, -0.7050,  0.6656,  0.8786,  1.4008, -0.5794],
        [-0.3717, -0.7097,  0.6792,  0.8945,  1.3943, -0.5845]],
       device='cuda:0')	tensor([4, 4], device='cuda:0')tensor([[-0.3067, -0.7060,  0.6309,  0.9245,  1.3123, -0.5175],
        [-0.4108, -0.6814,  0.6223,  0.8428,  1.4191, -0.4550]],
       device='cuda:0')	tensor([4, 4], device='cuda:0')tensor([[-0.2669, -0.7985,  0.5248,  1.0478,  1.3869, -0.4599],
        [-0.1853, -0.3413,  1.1857,  1.7671,  2.3410,  0.0751]],
       device='cuda:0')	tensor([4, 4], device='cuda:0')tensor([[-0.4267, -0.7557,  0.5000,  0.8671,  1.3085, -0.4498],
        [-0.2809, -0.6554,  0.7367,  1.2887,  1.5955, -0.2737]],
       device='cuda:0')	tensor([4, 4], device='cuda:0')tensor([[ 0.0079,  0.6412,  2.7770,  3.5334,  4.3496,  1.2896],
        [-0.4137, -0.6828,  0.5587,  0.7457,  1.1699, -0.5051]],
       device='cuda:0')	tensor([4, 4], device='cuda:0')tensor([[-0.4851, -0.6949,  0.5850,  0.7733,  1.2837, -0.5642],
        [-0.5657, -0.6936,  0.6529,  0.7549,  1.4160, -0.5041]],
       device='cuda:0')	tensor([5, 5], device='cuda:0')tensor([[-0.4902, -0.6486,  0.5818,  0.7690,  1.2659, -0.5120],
        [-0.2542,  0.2686,  2.3511,  2.9743,  3.8792,  0.8803]],
       device='cuda:0')	tensor([5, 5], device='cuda:0')tensor([[ 0.1665,  1.1479,  3.4914,  4.3112,  5.3467,  1.7859],
        [-0.3907, -0.2596,  1.3676,  1.9787,  2.6467,  0.2725]],
       device='cuda:0')	tensor([5, 5], device='cuda:0')tensor([[-0.7757, -0.8924,  0.6244,  1.0419,  1.7229, -0.3746],
        [ 0.3165,  1.5357,  4.4662,  6.2222,  7.4609,  2.7960]],
       device='cuda:0')	tensor([0, 0], device='cuda:0')tensor([[ 0.7941,  3.9586,  8.3433,  9.9699, 12.1943,  5.2717],
        [ 0.1504,  0.5342,  3.1581,  4.6414,  5.8424,  1.5943]],
       device='cuda:0')	tensor([0, 0], device='cuda:0')tensor([[-0.1834, -0.5129,  1.1989,  1.9908,  2.4829,  0.0234],
        [-0.6041, -1.1294,  0.6531,  1.2190,  1.9067, -0.5566]],
       device='cuda:0')	tensor([0, 0], device='cuda:0')tensor([[-0.2366, -0.6263,  1.2517,  2.1481,  3.0205,  0.0777],
        [-0.1870, -0.9576,  0.9392,  2.0082,  2.7812, -0.1640]],
       device='cuda:0')	tensor([0, 0], device='cuda:0')tensor([[ 0.4127,  1.3310,  4.4987,  6.1163,  7.4521,  2.5508],
        [-0.1186, -0.0251,  1.7018,  2.3744,  3.1063,  0.3810]],
       device='cuda:0')	tensor([0, 0], device='cuda:0')tensor([[-0.4057, -0.6490,  0.6795,  0.8550,  1.5284, -0.4747],
        [-0.3658, -0.6399,  0.6649,  0.8372,  1.4995, -0.5106]],
       device='cuda:0')	tensor([0, 0], device='cuda:0')tensor([[-0.3783, -0.6288,  0.6754,  0.8140,  1.5426, -0.4950],
        [-0.3205, -0.6643,  0.6823,  0.8859,  1.4480, -0.5199]],
       device='cuda:0')	tensor([0, 0], device='cuda:0')tensor([[-0.3742, -0.6554,  0.7311,  0.8947,  1.6023, -0.5147],
        [ 0.2930,  1.3682,  3.9869,  4.7863,  6.0798,  2.0239]],
       device='cuda:0')	tensor([0, 0], device='cuda:0')tensor([[ 0.0292, -1.4079,  0.9057,  2.4499,  3.1463, -0.2845],
        [-0.1544, -1.4855,  0.4458,  1.6754,  2.3103, -0.6555]],
       device='cuda:0')	tensor([0, 0], device='cuda:0')tensor([[-0.3568, -0.9292,  0.7022,  1.0856,  1.7822, -0.5882],
        [-0.5945, -0.6956,  0.8219,  0.8282,  1.8839, -0.4666]],
       device='cuda:0')	tensor([0, 0], device='cuda:0')tensor([[-0.6008, -0.6919,  0.8257,  0.8229,  1.9198, -0.4727],
        [-0.5240, -0.7987,  0.7462,  0.9380,  1.8176, -0.5012]],
       device='cuda:0')	tensor([0, 0], device='cuda:0')tensor([[-0.3591, -0.6281,  1.0159,  1.4245,  2.2296, -0.2156],
        [-0.2715, -0.7170,  1.0956,  1.6117,  2.2814, -0.2052]],
       device='cuda:0')	tensor([1, 1], device='cuda:0')tensor([[-0.1345, -1.2354,  0.4815,  1.4857,  1.9849, -0.5719],
        [-0.1614, -1.0653,  0.5625,  1.3998,  1.8963, -0.4895]],
       device='cuda:0')	tensor([1, 2], device='cuda:0')tensor([[ 0.1790,  0.8565,  3.3534,  4.2257,  5.3764,  1.5314],
        [-0.2283, -0.6399,  0.6459,  0.9118,  1.4240, -0.5339]],
       device='cuda:0')	tensor([2, 2], device='cuda:0')tensor([[-0.2002, -0.7381,  0.6623,  1.1105,  1.6491, -0.4448],
        [-0.4434, -0.8884,  0.7796,  1.1364,  1.4338, -0.5501]],
       device='cuda:0')	tensor([2, 2], device='cuda:0')tensor([[-0.4834, -0.8401,  0.8541,  1.1895,  1.4347, -0.5036],
        [-0.1418,  0.5918,  3.1723,  3.7611,  4.5518,  1.2062]],
       device='cuda:0')	tensor([2, 2], device='cuda:0')tensor([[-0.3487, -1.2832,  0.5944,  1.4513,  1.8363, -0.6005],
        [-0.3869, -0.8554,  0.8663,  1.2342,  1.5904, -0.5252]],
       device='cuda:0')	tensor([2, 2], device='cuda:0')tensor([[-0.3782, -0.8064,  0.7272,  0.9231,  1.1796, -0.6599],
        [-0.3539, -0.7784,  0.6970,  0.9206,  1.1223, -0.6316]],
       device='cuda:0')	tensor([2, 2], device='cuda:0')tensor([[-0.4203, -0.7602,  0.7325,  0.9149,  1.2913, -0.5714],
        [-0.2944, -0.7763,  0.7139,  1.0093,  1.2452, -0.6303]],
       device='cuda:0')	tensor([2, 2], device='cuda:0')tensor([[-0.2695, -0.7641,  0.7100,  1.0056,  1.2366, -0.6122],
        [-0.2764, -0.7659,  0.7092,  1.0174,  1.2233, -0.6185]],
       device='cuda:0')	tensor([2, 2], device='cuda:0')tensor([[-0.2782, -0.7655,  0.6995,  1.0204,  1.2055, -0.6168],
        [-0.3101, -0.7705,  0.6866,  1.0018,  1.1498, -0.6160]],
       device='cuda:0')	tensor([2, 2], device='cuda:0')tensor([[-0.2791, -0.7649,  0.6987,  1.0235,  1.2208, -0.6111],
        [-0.2977, -0.7688,  0.6940,  1.0145,  1.2438, -0.6129]],
       device='cuda:0')	tensor([2, 3], device='cuda:0')tensor([[-0.3183, -0.7753,  0.6809,  1.0119,  1.1868, -0.6152],
        [-0.2765, -0.7645,  0.6911,  1.0399,  1.2352, -0.6122]],
       device='cuda:0')	tensor([3, 3], device='cuda:0')tensor([[-0.2671, -0.7619,  0.6953,  1.0319,  1.2193, -0.6091],
        [-0.2893, -0.7623,  0.6775,  1.0148,  1.1620, -0.6063]],
       device='cuda:0')	tensor([3, 3], device='cuda:0')tensor([[-0.2628, -0.7572,  0.6897,  1.0339,  1.2137, -0.6067],
        [-0.2642, -0.7590,  0.6927,  1.0337,  1.2171, -0.6086]],
       device='cuda:0')	tensor([3, 3], device='cuda:0')tensor([[-0.2989, -0.7715,  0.6821,  1.0180,  1.1576, -0.6115],
        [-0.2590, -0.7521,  0.6913,  1.0156,  1.2405, -0.5970]],
       device='cuda:0')	tensor([3, 3], device='cuda:0')tensor([[-0.1168, -0.3945,  1.3644,  1.9834,  2.3795, -0.0047],
        [-0.1930, -0.7089,  0.8950,  1.4548,  1.7433, -0.3603]],
       device='cuda:0')	tensor([3, 3], device='cuda:0')tensor([[-0.2652, -0.7456,  0.6955,  0.9943,  1.2755, -0.5961],
        [-0.2537, -0.7379,  0.6834,  1.0016,  1.2520, -0.5931]],
       device='cuda:0')	tensor([3, 3], device='cuda:0')tensor([[-0.2446, -0.7402,  0.6788,  1.0230,  1.2414, -0.5888],
        [-0.2373, -0.7383,  0.6741,  1.0373,  1.2390, -0.5882]],
       device='cuda:0')	tensor([3, 3], device='cuda:0')tensor([[-0.2380, -0.7399,  0.6727,  1.0374,  1.2377, -0.5865],
        [-0.2428, -0.7446,  0.6777,  1.0380,  1.2399, -0.5902]],
       device='cuda:0')	tensor([3, 3], device='cuda:0')tensor([[-0.2486, -0.7488,  0.6793,  1.0372,  1.2351, -0.5917],
        [-0.2536, -0.7522,  0.6825,  1.0363,  1.2318, -0.5955]],
       device='cuda:0')	tensor([3, 3], device='cuda:0')tensor([[-0.2553, -0.7534,  0.6840,  1.0352,  1.2324, -0.5967],
        [-0.2145, -0.7220,  0.6546,  1.0331,  1.2394, -0.5679]],
       device='cuda:0')	tensor([3, 3], device='cuda:0')tensor([[-0.1971, -0.7223,  0.6718,  1.0507,  1.2871, -0.5736],
        [-0.1921, -0.7200,  0.6680,  1.0513,  1.2840, -0.5715]],
       device='cuda:0')	tensor([3, 3], device='cuda:0')tensor([[-0.1915, -0.7212,  0.6684,  1.0520,  1.2817, -0.5721],
        [-0.1844, -0.7163,  0.6631,  1.0520,  1.2807, -0.5673]],
       device='cuda:0')	tensor([3, 3], device='cuda:0')tensor([[-0.1811, -0.7132,  0.6595,  1.0517,  1.2761, -0.5652],
        [-0.1789, -0.7125,  0.6636,  1.0538,  1.2813, -0.5689]],
       device='cuda:0')	tensor([3, 3], device='cuda:0')tensor([[-0.2817, -0.7712,  0.7042,  1.0316,  1.2088, -0.6222],
        [-0.2559, -0.7570,  0.7012,  1.0186,  1.2395, -0.6085]],
       device='cuda:0')	tensor([3, 3], device='cuda:0')tensor([[-0.2294, -0.7480,  0.7044,  1.0333,  1.2748, -0.6052],
        [-0.1476, -0.6949,  0.6605,  1.0479,  1.3079, -0.5581]],
       device='cuda:0')	tensor([3, 3], device='cuda:0')tensor([[-0.1431, -0.6941,  0.6603,  1.0527,  1.3102, -0.5578],
        [-0.1414, -0.6943,  0.6577,  1.0507,  1.3069, -0.5528]],
       device='cuda:0')	tensor([3, 3], device='cuda:0')tensor([[-0.1494, -0.6934,  0.6512,  1.0504,  1.2997, -0.5507],
        [-0.1894, -0.6974,  0.6613,  1.0207,  1.3029, -0.5574]],
       device='cuda:0')	tensor([3, 3], device='cuda:0')tensor([[-0.2886, -0.7027,  0.7236,  1.0200,  1.4934, -0.5585],
        [-0.3394, -0.7078,  0.7542,  0.9725,  1.5141, -0.5882]],
       device='cuda:0')	tensor([3, 3], device='cuda:0')tensor([[ 0.0586,  0.2149,  2.3692,  3.0920,  3.8603,  0.7209],
        [-0.1193, -0.3523,  1.4633,  2.0550,  2.6576,  0.0825]],
       device='cuda:0')	tensor([4, 4], device='cuda:0')tensor([[-0.2428, -0.7399,  0.7301,  0.9966,  1.4084, -0.5957],
        [-0.2099, -0.7422,  0.7244,  1.0156,  1.3898, -0.5886]],
       device='cuda:0')	tensor([4, 4], device='cuda:0')tensor([[-0.1637, -0.7077,  0.7002,  1.0178,  1.3891, -0.5694],
        [-0.1934, -0.7159,  0.7156,  0.9939,  1.4271, -0.5931]],
       device='cuda:0')	tensor([4, 4], device='cuda:0')tensor([[-0.2338, -0.7450,  0.7166,  0.9438,  1.4768, -0.5872],
        [-0.5449, -0.7090,  0.7788,  0.8332,  1.7036, -0.4701]],
       device='cuda:0')	tensor([4, 4], device='cuda:0')tensor([[-0.6517, -0.7665,  0.8086,  0.8921,  1.8917, -0.4865],
        [-0.6818, -0.8441,  0.7976,  0.9574,  2.0211, -0.4882]],
       device='cuda:0')	tensor([4, 4], device='cuda:0')tensor([[-0.6848, -0.9281,  0.7834,  1.0908,  2.1571, -0.4607],
        [-0.6809, -0.9024,  0.9647,  1.4096,  2.4178, -0.3014]],
       device='cuda:0')	tensor([4, 4], device='cuda:0')tensor([[-0.5689, -0.5541,  1.4671,  2.0221,  3.0779,  0.1133],
        [-0.5570, -0.5343,  1.5090,  2.1002,  3.1413,  0.1602]],
       device='cuda:0')	tensor([4, 4], device='cuda:0')tensor([[-0.6508, -0.9633,  0.9068,  1.4398,  2.3711, -0.2927],
        [-0.6095, -0.9149,  0.9187,  1.5005,  2.3753, -0.2253]],
       device='cuda:0')	tensor([4, 4], device='cuda:0')tensor([[-0.5598, -0.9110,  0.9232,  1.6114,  2.4550, -0.1782],
        [-0.5975, -1.0123,  0.6798,  1.2312,  2.0427, -0.4372]],
       device='cuda:0')	tensor([4, 4], device='cuda:0')tensor([[-0.5724, -0.9201,  0.6522,  1.1405,  1.9264, -0.4108],
        [-0.5068, -0.9322,  0.6456,  1.2360,  1.9904, -0.3513]],
       device='cuda:0')	tensor([4, 4], device='cuda:0')tensor([[-0.4146, -0.5822,  1.3526,  2.0668,  2.9478,  0.1302],
        [ 0.2795,  1.6890,  5.0546,  6.3616,  8.0445,  2.8522]],
       device='cuda:0')	tensor([4, 4], device='cuda:0')tensor([[ 0.9123,  3.8867,  8.3697, 10.1044, 12.4360,  5.3841],
        [ 0.1461,  0.5071,  3.1099,  4.1780,  5.3488,  1.2630]],
       device='cuda:0')	tensor([4, 4], device='cuda:0')tensor([[-0.1936, -0.7327,  0.9630,  1.6746,  2.2596, -0.2622],
        [-0.5202, -0.7592,  0.7065,  0.9525,  1.9351, -0.4344]],
       device='cuda:0')	tensor([4, 4], device='cuda:0')tensor([[-0.3011, -0.6351,  0.6281,  0.8485,  1.4823, -0.5383],
        [-0.1251, -1.1493,  0.5261,  1.4940,  2.0339, -0.4916]],
       device='cuda:0')	tensor([4, 4], device='cuda:0')tensor([[-0.2093, -0.6639,  0.6182,  0.9427,  1.3503, -0.5448],
        [-0.3909, -0.7002,  0.7331,  0.8745,  1.4738, -0.5544]],
       device='cuda:0')	tensor([4, 4], device='cuda:0')tensor([[-0.4431, -0.7992,  0.7086,  0.8568,  1.0918, -0.6588],
        [-0.4328, -0.8221,  0.7076,  0.8935,  1.1404, -0.6708]],
       device='cuda:0')	tensor([4, 4], device='cuda:0')tensor([[-0.2423, -0.5571,  1.1475,  1.6591,  1.9754, -0.1839],
        [-0.5332, -0.8674,  0.7305,  0.8592,  0.9754, -0.6856]],
       device='cuda:0')	tensor([4, 4], device='cuda:0')tensor([[-0.4776, -0.8268,  0.6959,  0.8818,  0.9761, -0.6607],
        [-0.7287, -0.9201,  0.7948,  0.8870,  1.0188, -0.6749]],
       device='cuda:0')	tensor([4, 4], device='cuda:0')tensor([[-0.6311, -0.8447,  1.0097,  1.3809,  1.6319, -0.3861],
        [-0.5364, -0.9097,  1.6351,  3.0017,  3.5189,  0.3983]],
       device='cuda:0')	tensor([4, 4], device='cuda:0')tensor([[ 0.5104,  3.3079,  8.4631, 10.9967, 13.4908,  5.7394]],
       device='cuda:0')	tensor([4], device='cuda:0')